---------- Path ----------
Point[1,00; 3,00; 2,00]
Point[5,00; 6,00; 7,00]

---------- Path ----------
Point[1,00; 3,00; 2,00]
Point[5,00; 6,00; 7,00]
Point[3,00; 4,00; 5,00]

---------- Path ----------
Point[1,00; 1,00; 1,00]
Point[2,00; 2,00; 2,00]

---------- Path ----------
Point[1,00; 1,00; 1,00]
Point[2,00; 2,00; 2,00]
Point[3,00; 3,00; 3,00]
---------- Path ----------
Point[17,00; 1,00; 1,00]
Point[1,00; 1,00; 1,00]

---------- Path ----------
Point[17,00; 1,00; 1,00]
Point[1,00; 1,00; 1,00]
Point[1,00; 1,00; 1,00]

---------- Path ----------
Point[1,00; 1,00; 1,00]
Point[1,00; 2,00; 3,00]

---------- Path ----------
Point[1,00; 1,00; 1,00]
Point[1,00; 2,00; 3,00]
Point[1,00; 2,00; 3,00]

